-200.1030656 -5387.37964427
-198.102276362 -5395.11402754
-196.101482236 -5400.87354309
-194.100683222 -5405.92746247
-192.09987932 -5412.79513138
-190.09907053 -5417.57045207
-188.098256853 -5410.98300853
-186.097438289 -5394.34278882
-184.096614839 -5380.40177823
-182.095786502 -5367.00132833
-180.09495328 -5364.20325958
-178.094115172 -5350.01932544
-176.093272178 -5320.17489745
-174.0924243 -5282.81362803
-172.091571536 -5246.76830846
-170.090713889 -5210.73120283
-168.089851357 -5187.7469216
-166.088983942 -5175.40870229
-164.088111643 -5167.33370442
-162.087234461 -5161.72198584
-160.086352397 -5160.73091342
-158.08546545 -5165.00582413
-156.084573621 -5179.34599012
-154.08367691 -5204.11516624
-152.082775318 -5235.68372492
-150.081868845 -5261.68849882
-148.080957491 -5273.13261843
-146.080041256 -5263.50644598
-144.079120142 -5242.84251564
-142.078194148 -5207.22683375
-140.077263275 -5161.52208106
-138.076327522 -5114.36080172
-136.075386891 -5072.06298764
-134.074441382 -5037.01304247
-132.073490995 -5013.49745619
-130.072535731 -5004.78723456
-128.071575589 -5009.08807186
-126.07061057 -5021.05919467
-124.069640675 -5034.80819877
-122.068665904 -5046.48263326
-120.067686257 -5051.62855725
-118.066701735 -5052.85915686
-116.065712338 -5049.41752879
-114.064718066 -5041.32512416
-112.06371892 -5027.01950785
-110.0627149 -5008.16434458
-108.061706007 -4989.78608622
-106.060692241 -4975.60316248
-104.059673601 -4968.40768555
-102.05865009 -4970.30961027
-100.057621707 -4987.58088899
-98.056588452 -5021.71270509
-96.055550326 -5065.465473
-94.0545073293 -5115.01196713
-92.0534594623 -5167.80991735
-90.0524067253 -5216.68468273
-88.0513491188 -5251.85864974
-86.0502866432 -5269.68214864
-84.0492192988 -5278.9859402
-82.048147086 -5288.21941965
-80.0470700054 -5304.13955537
-78.0459880572 -5329.05017987
-76.0449012419 -5359.81704946
-74.04380956 -5387.23039751
-72.0427130117 -5406.10000782
-70.0416115976 -5417.68743425
-68.0405053181 -5422.98305016
-66.0393941735 -5421.83613954
-64.0382781644 -5413.68765001
-62.0371572911 -5410.30501876
-60.036031554 -5409.0344081
-58.0349009537 -5401.697359
-56.0337654904 -5393.76018268
-54.0326251647 -5412.82369212
-52.031479977 -5489.07185219
-50.0303299277 -5560.0559506
-48.0291750173 -5598.23493862
-46.0280152462 -5605.43168194
-44.0268506148 -5605.15610249
-42.0256811236 -5624.96957251
-40.0245067731 -5678.19650581
-38.0233275636 -5752.45432036
-36.0221434957 -5845.56958315
-34.0209545698 -5930.85745166
-32.0197607863 -5968.32410575
-30.0185621457 -5962.62042075
-28.0173586484 -5979.80808621
-26.016150295 -6052.38886769
-24.0149370858 -6161.86363417
-22.0137190214 -6270.74555813
-20.0124961022 -6364.27237386
-18.0112683286 -6443.34470425
-16.0100357012 -6510.87437647
-14.0087982204 -6569.66625804
-12.0075558867 -6623.98024286
-10.0063087006 -6685.37981599
-8.00505666245 -6763.994063
-6.00379977286 -6865.87257211
-4.00253803227 -6991.55375456
-2.00127144115 -7134.66761757
0 -7270
2.0012762907 -7419.88739382
4.00255743046 -7633.59515804
6.00384341879 -7806.59035952
8.00513425519 -7917.471901
10.0064299392 -8005.68381513
12.0077304703 -8092.45575699
14.0090358479 -8181.41886909
16.0103460717 -8271.56432189
18.011661141 -8352.19972467
20.0129810554 -8415.18794151
22.0143058144 -8462.73519847
24.0156354175 -8497.84950157
26.0169698641 -8512.82400431
28.0183091538 -8491.50596584
30.019653286 -8443.11963922
32.0210022602 -8404.84235484
34.0223560759 -8357.91848323
36.0237147327 -8294.70838767
38.0250782298 -8217.17011467
40.0264465669 -8129.89565262
42.0278197435 -8035.14942057
44.0291977589 -7936.59814474
46.0305806127 -7833.1048658
48.0319683043 -7728.95864802
50.0333608332 -7628.63739602
52.0347581988 -7533.01052146
54.0361604007 -7438.40483641
56.0375674382 -7340.92932796
58.038979311 -7238.70275946
60.0403960183 -7128.16124933
62.0418175596 -7003.16840284
64.0432439345 -6855.6025073
66.0446751424 -6672.20303604
68.0461111826 -6442.74568686
70.0475520548 -6166.94957102
72.0489977582 -5870.44259552
74.0504482924 -5562.93658536
76.0519036568 -5240.44741295
78.0533638508 -4902.919894
80.0548288739 -4547.6850605
82.0562987255 -4184.97881896
84.0577734051 -3845.83724714
86.059252912 -3571.15981049
88.0607372458 -3348.80529023
90.0622264058 -3179.00680336
92.0637203915 -3050.3915285
94.0652192022 -2949.96944902
96.0667228375 -2869.71713856
98.0682312967 -2805.1559109
100.069744579 -2752.46440473
102.071262685 -2709.67959133
104.072785612 -2675.4946703
106.074313361 -2649.86038191
108.075845932 -2632.47908969
110.077383322 -2624.42757773
112.078925533 -2621.08753942
114.080472562 -2624.16567568
116.082024411 -2630.6503182
118.083581077 -2643.87817162
120.085142561 -2665.38194677
122.086708861 -2690.4766423
124.088279978 -2714.96452157
126.089855911 -2735.44864882
128.091436659 -2747.32284691
130.093022221 -2747.69816598
132.094612596 -2734.15169292
134.096207785 -2709.14404662
136.097807787 -2675.60822893
138.099412601 -2633.6677943
140.101022226 -2586.03249405
142.102636661 -2536.34241919
144.104255907 -2487.6460846
146.105879962 -2455.18854224
148.107508826 -2438.26278638
150.109142499 -2446.67293081
152.110780979 -2467.65994389
154.112424266 -2482.67405749
156.114072359 -2474.20396047
158.115725258 -2441.86648088
160.117382962 -2378.5826094
162.11904547 -2295.44373341
164.120712782 -2199.29728982
166.122384898 -2098.17099254
168.124061816 -1993.75648111
170.125743535 -1888.80729775
172.127430056 -1781.23911833
174.129121378 -1664.23975919
176.130817499 -1530.92826795
178.13251842 -1384.29093616
180.134224139 -1228.92777479
182.135934656 -1072.9203404
184.13764997 -923.20947881
186.139370081 -776.53317133
188.141094988 -628.213790485
190.14282469 -481.452811102
192.144559187 -331.575435904
194.146298477 -224.272378614
196.148042561 -156.3910228
198.149791438 -52.7643822653
200.151545106 6.40609419889
